J 0 2 .3 .3
S 0.1 2 .6 .6
C 0.3 2 .9 .9
X 2.8 2 .0 .3
F 2.9 2 .2 .6
P 3.2 2 .2 .9
A 6.2 2 .4 .1
G 6.3 2 .6 .1
Z 6.8 2 .7 .1
B 9.6 2 .1 .0
J 9.8 2 .3 .0
L 10.0 1.5 .1 .2
F 11.9 1.5 .5 .7
X 13.8 1.5 .3 .0
A 14.2 1.5 .2 .2
E 14.6 1.5 .4 .6
C 14.8 1.5 .6 .6
C 15.0 1.5 .8 1
V 15.3 1.5 .6 1
G 15.5 1.5 .4 1
H 15.9 1.5 .2 1
D 16.2 1.5 .2 .8
S 16.4 1.5 .2 .6
T 16.8 1.5 .4 0
L 17.1 1.5 .6 .1
B 17.3 1.5 .7 .5
C 17.6 1.5 .8 .8
G 18.1 1.5 .6 .6
E 18.3 1.5 .7 .7
V 18.5 1.5 .7 .7
A 18.7 1.5 .7 .7
P 18.95 1.5 .7 .7
V 19.35 1.5 .7 .7
G 19.6 1.5 .7 .7
A 19.8 1.5 .7 .7
B 20.2 1.5 .7 .7
N 20.4 1.5 .7 .7
G 21.1 1.5 .7 .7
F 21.5 1.5 .7 .7
D 21.7 1.5 .7 .7
E 21.9 1.5 .7 .7
V 22.15 1.5 .7 .7
C 22.4 1.5 .7 .7
K 22.6 1.5 .7 .7
W 22.8 1.5 .7 .7
G 23.0 1.5 .7 .7
D 23.2 1.5 .7 .7
I 23.25 1.5 .7 .7
J 23.4 1.5 .7 .7
A 23.65 1.5 .7 .7
J 23.85 1.5 .7 .7
F 24.1 1.5 .7 .7
L 24.5 1.5 .7 .7
F 24.95 1.5 .7 .7
B 25.15 1.5 .7 .7
B 25.6 1.5 .7 .7
F 26.2 1.5 .7 .7
H 26.45 1.5 .7 .7
P 26.65 1.5 .7 .7
O 26.90 1.5 .7 .7
T 27.1 1.5 .7 .7
X 27.3 1.5 .7 .7
H 27.95 1.5 .7 .7
M 28.35 1.5 .7 .7
I 28.60 1.5 .7 .7
Z 28.8 1.5 .7 .7
H 29.0 1.5 .7 .7
O 29.2 1.5 .7 .7
T 29.65 1.5 .7 .7
R 29.90 1.5 .7 .7
I 30.1 1 .7 .7
L 30.3 1 .7 .7
K 30.5 1 .7 .7
Y 30.7 1 .7 .7
L 30.95 1 .7 .7
E 31.15 1 .7 .7
K 31.35 1 .7 .7
Y 31.8 1 .7 .7
S 32 1 .7 .7
T 32.2 1 .7 .7
Z 32.4 1 .7 .7
P 32.6 1 .7 .7
R 33.1 1 .7 .7
M 33.3 1 .7 .7
H 33.4 1 .7 .7
I 33.5 1 .7 .7
Q 33.7 1 .7 .7
T 33.9 1 .7 .7
X 34.15 1 .7 .7
N 34.37 1 .7 .7
I 34.7 1 .7 .7
I 35.23 1 .7 .7
G 35.44 1 .7 .7
Q 35.6 1 .7 .7
Q 35.8 1 .7 .7
U 36.0 1 .7 .7
B 36.5 1 .7 .7
F 36.7 1 .7 .7
F 36.9 1 .7 .7
E 37.15 1 .7 .7
Q 37.36 1 .7 .7
W 37.588 0.5 .7 .7
M 37.8 0.5 .7 .7
P 38.22 0.5 .7 .7
J 38.6 0.5 .7 .7
X 38.8 0.5 .7 .7
T 39.0 0.5 .7 .7
D 39.3 0.5 .7 .7
W 39.5 0.5 .7 .7
Y 35.6 0.5 .7 .7
F 35.8 0.5 .7 .7
Y 36.0 0.5 .7 .7
L 36.5 0.5 .7 .7
Z 36.7 0.5 .7 .7
L 36.9 0.5 .7 .7
X 37.15 0.5 .7 .7
L 37.36 0.5 .7 .7
Q 37.588 0.5 .7 .7
V 37.8 0.5 .7 .7
K 38.22 0.5 .7 .7
T 38.6 0.5 .7 .7
H 38.8 0.5 .7 .7
P 39.0 0.5 .7 .7
R 39.3 0.5 .7 .7
Q 39.5 0.5 .7 .7
X 39.9 0.5 .7 .7
M 40.2 0.5 .7 .7
U 40.6 0.5 .7 .7
W 40.8 0.5 .7 .7
I 41.0 0.1 .7 .7
O 41.2 0.1 .7 .7
M 41.6 0.1 .7 .7
Y 42.1 0.1 .7 .7
E 42.3 0.1 .7 .7
X 42.5 0.1 .7 .7
Y 42.7 0.1 .7 .7
W 42.9 0.1 .7 .7
J 43.3 0.1 .7 .7
B 43.6 0.1 .7 .7
D 43.8 0.1 .7 .7
B 44.0 0.1 .7 .7
T 44.2 0.1 .7 .7
B 44.4 0.1 .7 .7
Q 44.6 0.1 .7 .7
I 45.1 0.1 .7 .7
F 45.5 0.1 .7 .7
R 45.7 0.1 .7 .7
Q 45.9 0.1 .7 .7
W 46.1 0.1 .7 .7
K 46.8 0.1 .7 .7
W 47.0 0.1 .7 .7
K 47.1 0.1 .7 .7
W 47.2 0.1 .7 .7
H 47.4 0.1 .7 .7
Q 47.6 0.1 .7 .7
K 47.8 0.1 .7 .7
A 48.1 0.1 .7 .7
C 48.5 0.1 .7 .7
P 49.1 0.1 .7 .7
J 50.2 0.1 .7 .7
V 50.6 0.1 .7 .7
Z 51.1 0.1 .7 .7
E 51.9 0.1 .7 .7
Y 52.8 0.1 .7 .7
T 53.6 0.1 .7 .7